Reflexion=True
Level=0
AutoPlayHint=True
StockfishPath=/usr/games/stockfish
Shininess=16
ScreenGamma=100
Samples=1
MainColor=White
WhiteColor=1,0.964285714285713,0.75,1
BlackColor=0.3325,0.340250000000001,0.35,1
BackgroundColor=0.0026,0.226905714285714,0.26,1
LightX=5
LightZ=-8
LightY=4
ReflexionIntensity=15
